  56.761   3.024  28.020
  54.560  -2.623  30.144
  55.186  -8.370  27.155
  57.941 -11.622  22.654
  59.363 -15.335  17.412
  55.116 -16.952  12.729
  50.631 -17.461   8.186
  44.731 -17.785   5.738
  38.429 -17.208   5.463
  32.277 -16.215   6.361
  26.745 -14.383   4.004
  26.763 -12.385   9.808
  23.650 -14.338  14.937
  20.030 -14.498  20.245
  15.847  -9.324  23.064
  14.958  -2.439  22.644
  17.216   3.427  21.350
  21.196   8.150  19.048
  23.621   8.331  13.313
  24.582   5.415   7.581
  22.660   0.921   3.510
  17.238  -0.828  -0.078
  11.526   3.059  -0.071
   7.151  -1.922   1.362
   3.468  -3.352   6.749
   5.714  -8.007   3.875
  -0.394  -8.536   4.962
  -4.730  -4.716   7.284
  -8.460  -9.682   7.605
 -12.475  -4.945   8.221
 -17.104  -0.464   8.038
 -17.879   5.806   7.088
 -20.720  11.288   6.022
 -24.372   9.527   0.465
 -25.166   4.564  -4.102
 -22.216  -0.318  -7.297
 -17.033  -4.159  -7.807
 -15.351  -0.597  -1.878
 -12.226   1.487   3.955
  -9.476   0.535  10.182
  -7.925  -5.259  13.324
  -2.922  -9.156  12.165
   0.670  -3.965  12.958
   2.095   2.216  14.348
   5.921   7.173  16.854
   8.051   4.664  13.526
   7.814  -0.745  12.109
  10.186  -6.703  12.597
  16.553  -7.542  10.576
  23.289  -6.653  10.471
  29.241  -3.272  11.946
  31.657  -0.235  16.505
  30.102   1.131  21.609
  26.466   0.420  27.267
  25.001  -5.090  31.027
  30.451  -5.574  27.381
  30.904 -11.287  24.843
  31.598 -11.760  30.968
  36.997  -9.374  29.029
  40.078 -10.971  23.871
  42.846 -12.539  18.539
  46.375 -14.313  13.957
  50.388 -10.985  10.558
  54.612  -7.318  11.704
  53.920  -2.411  15.830
  48.189   1.198  18.815
  45.317  -0.666  13.204
  43.275  -4.187   8.059
  41.427  -7.021   2.510
  40.626  -9.875  -3.371
  40.548 -10.539  -9.973
  40.837  -9.751 -16.599
  43.664  -3.249 -16.574
  40.606   2.580 -13.890
  35.564   4.032  -9.630
  30.220   0.379  -8.323
  33.336   0.925 -14.524
  35.305   0.861 -20.192
  35.897   6.506 -16.800
  33.425  14.516 -14.565
  35.585  18.956 -18.483
  38.957  18.941 -23.607
  37.240  24.911 -24.365
  32.322  21.220 -24.091
  33.713  15.479 -26.442
  34.847  15.338 -32.726
  29.575  16.353 -31.101
  26.629  17.373 -24.996
  22.996  13.021 -20.402
  17.532  14.890 -17.706
  12.677  10.742 -15.716
  12.912   4.985 -13.030
   9.973  -0.466 -12.329
   4.155  -2.202 -13.900
   2.172  -6.466 -10.293
   6.478  -9.127  -6.655
  11.498  -6.166  -5.099
  10.673   1.426  -5.685
  11.255   8.522  -6.243
  15.735  10.944  -8.823
  18.761   9.977 -13.832
  19.341   7.310 -19.233
  19.868   3.911 -24.182
  20.082  -0.239 -19.465
  24.078   2.729 -17.984
  28.552   1.068 -21.167
  32.550   6.019 -21.917
  39.131   4.701 -25.001
  34.891   1.864 -28.649
  33.962   8.446 -27.642
  35.377  11.721 -21.172
  29.700  13.997 -19.871
  30.791   9.513 -16.441
  37.997  10.968 -13.693
  41.211   7.687  -9.398
  41.766   1.346  -7.726
  38.228  -3.262 -10.861
  32.824  -5.262 -13.819
  27.993  -2.134 -15.272
  29.192   4.722 -13.079
  24.122   7.781 -13.098
  19.375   3.545 -12.171
  16.033  -2.298 -10.113
  14.007  -8.374 -12.781
  13.238 -11.515 -18.356
  11.182  -5.989 -19.365
  15.023  -2.707 -16.603
  21.615  -2.387 -12.989
  23.865   1.842  -7.487
  22.550   3.676  -2.235
  18.061   5.244   1.303
  13.265   1.315   4.490
   4.479   2.270   4.318
   0.619  -1.918   0.504
  -2.328  -0.253  -4.854
  -2.206   4.067  -0.137
  -7.593   3.204  -2.154
  -8.763  -2.509   0.406
 -13.621  -5.455   1.830
 -20.327  -4.783   3.455
 -27.204  -3.991   3.890
 -29.713  -4.205   9.219
 -32.516   0.457   5.533
 -38.808   1.587   3.634
 -44.969   2.345   5.941
 -44.483   6.437   1.064
 -46.115   8.253  -6.061
 -45.434   5.928 -12.743
 -45.467   0.378 -17.126
 -49.533  -4.332 -17.058
 -55.287  -5.976 -14.370
 -60.628  -3.484 -12.266
 -65.136   0.766 -10.230
 -64.145  -2.586  -4.867
 -63.563  -1.055   1.450
 -65.803   1.826   6.892
 -67.768   6.314  11.042
 -72.582  10.636   9.928
 -76.558   8.114   5.213
 -79.775   2.913   2.910
 -75.475  -1.702   0.534
 -69.000  -4.679   1.311
 -69.163   1.056  -2.060
 -64.035   4.459  -3.598
 -62.699   8.717  -8.022
 -57.138   9.437  -6.623
 -56.745   3.922  -2.996
 -55.038  -2.559  -2.829
 -50.450  -7.474  -5.057
 -44.394  -7.675  -7.218
 -39.974  -4.255  -8.546
 -36.402   2.217  -8.806
 -36.107   9.554  -5.541
 -41.769  11.333  -1.741
 -48.692  11.147  -0.026
 -54.912   9.447   0.239
 -60.587  11.829  -2.017
 -62.786  12.990   3.440
 -62.307  12.059   9.389
 -62.218  10.889  15.242
 -63.043   8.323  20.653
 -68.334   5.700  22.348
 -69.400   0.352  19.601
 -74.072  -2.743  18.205
 -75.947  -4.515  13.871
 -74.430  -8.301   9.020
 -81.088  -9.251   6.237
 -77.200 -12.592   1.706
 -78.641 -17.789  -1.736
 -80.546 -22.127  -5.910

